world: 29509a3a-939f-4857-b20a-2edd974cc6a9
world-name: world
x: 1372.5
y: 68.0
z: -5761.5
yaw: 358.5969543457031
pitch: -0.13223250210285187
name: Spawn
lastowner: fa9e6abc-6e4a-352b-b5da-32290d78f2d4
